Разность между расчетными данными (черная кривая) и данными из CSV (красная кривая)
================================================================================

Wavelength (nm)      Δx                   Δy                   Euclidean distance  
--------------------------------------------------------------------------------
360.0                0.00000023           -0.00000016          0.00000028          
365.0                0.00000022           0.00000035           0.00000041          
370.0                -0.00000039          -0.00000040          0.00000056          
375.0                -0.00000028          -0.00000036          0.00000046          
380.0                0.00000023           -0.00000027          0.00000036          
385.0                -0.00000008          -0.00000045          0.00000046          
390.0                -0.00000023          0.00000041           0.00000047          
395.0                -0.00000009          0.00000020           0.00000022          
400.0                -0.00000013          -0.00000026          0.00000029          
405.0                -0.00000003          0.00000005           0.00000006          
410.0                -0.00000045          0.00000030           0.00000054          
415.0                -0.00000037          -0.00000048          0.00000060          
420.0                0.00000043           0.00000017           0.00000047          
425.0                -0.00000001          -0.00000050          0.00000050          
430.0                -0.00000048          0.00000024           0.00000054          
435.0                0.00000029           -0.00000039          0.00000049          
440.0                -0.00000024          -0.00000044          0.00000050          
445.0                -0.00000042          0.00000036           0.00000055          
450.0                -0.00000007          -0.00000020          0.00000021          
455.0                0.00000041           0.00000019           0.00000045          
460.0                0.00000040           -0.00000003          0.00000040          
465.0                -0.00000033          0.00000012           0.00000035          
470.0                0.00000048           -0.00000049          0.00000068          
475.0                0.00000032           -0.00000049          0.00000059          
480.0                -0.00000049          0.00000004           0.00000049          
485.0                -0.00000008          0.00000022           0.00000023          
490.0                -0.00000027          -0.00000004          0.00000027          
495.0                -0.00000006          0.00000048           0.00000048          
500.0                0.00000003           0.00000007           0.00000008          
505.0                -0.00000048          0.00000015           0.00000050          
510.0                0.00000025           0.00000043           0.00000049          
515.0                -0.00000020          0.00000002           0.00000020          
520.0                0.00000042           0.00000009           0.00000043          
525.0                -0.00000028          -0.00000004          0.00000028          
530.0                0.00000006           -0.00000045          0.00000046          
535.0                0.00000010           0.00000022           0.00000024          
540.0                -0.00000033          0.00000009           0.00000034          
545.0                0.00000008           -0.00000008          0.00000011          
550.0                -0.00000020          -0.00000024          0.00000031          
555.0                0.00000033           0.00000029           0.00000044          
560.0                -0.00000046          -0.00000014          0.00000048          
565.0                0.00000026           -0.00000013          0.00000029          
570.0                0.00000046           -0.00000010          0.00000047          
575.0                -0.00000021          0.00000031           0.00000037          
580.0                0.00000037           -0.00000021          0.00000042          
585.0                -0.00000049          0.00000011           0.00000051          
590.0                0.00000031           0.00000023           0.00000039          
595.0                -0.00000021          -0.00000037          0.00000042          
600.0                -0.00000040          0.00000015           0.00000043          
605.0                0.00000011           -0.00000008          0.00000014          
610.0                -0.00000042          -0.00000035          0.00000055          
615.0                -0.00000015          0.00000022           0.00000026          
620.0                -0.00000003          0.00000026           0.00000026          
625.0                0.00000006           -0.00000030          0.00000031          
630.0                -0.00000021          0.00000011           0.00000024          
635.0                -0.00000040          -0.00000013          0.00000042          
640.0                -0.00000006          -0.00000005          0.00000008          
645.0                -0.00000040          0.00000036           0.00000053          
650.0                0.00000032           -0.00000032          0.00000045          
655.0                -0.00000027          0.00000027           0.00000038          
660.0                0.00000001           -0.00000001          0.00000002          
665.0                0.00000040           -0.00000040          0.00000056          
670.0                0.00000030           -0.00000030          0.00000042          
675.0                -0.00000011          0.00000011           0.00000015          
680.0                -0.00000003          0.00000003           0.00000005          
685.0                0.00000030           -0.00000030          0.00000042          
690.0                0.00000016           -0.00000016          0.00000023          
695.0                -0.00000034          0.00000034           0.00000048          
700.0                0.00000002           -0.00000002          0.00000003          
705.0                0.00000001           -0.00000001          0.00000001          
710.0                -0.00000001          0.00000001           0.00000002          
715.0                0.00014201           -0.00014201          0.00020084          
720.0                0.00000000           -0.00000000          0.00000001          
725.0                -0.00000000          0.00000000           0.00000000          
730.0                -0.00000005          0.00000005           0.00000007          
735.0                -0.00000001          0.00000001           0.00000001          
740.0                0.00000001           -0.00000001          0.00000001          
745.0                0.00000000           -0.00000000          0.00000000          
750.0                0.00000001           -0.00000001          0.00000002          
755.0                0.00000000           -0.00000000          0.00000000          
760.0                -0.00000005          0.00000005           0.00000007          
765.0                -0.00000008          0.00000008           0.00000011          
770.0                -0.00000000          0.00000000           0.00000000          
775.0                -0.00000001          0.00000001           0.00000002          
780.0                -0.00000002          0.00000002           0.00000002          
785.0                -0.00000001          0.00000001           0.00000002          
790.0                -0.00000005          0.00000005           0.00000007          
795.0                -0.00000003          0.00000003           0.00000004          
800.0                -0.00000001          0.00000001           0.00000002          
805.0                -0.00000001          0.00000001           0.00000001          
810.0                -0.00000000          0.00000000           0.00000000          
815.0                0.00000001           -0.00000001          0.00000001          
820.0                -0.00000002          0.00000002           0.00000002          
825.0                -0.00000003          0.00000003           0.00000004          
830.0                -0.00000004          0.00000004           0.00000006          
--------------------------------------------------------------------------------

Статистика по 95 точкам:
Средняя абсолютная разность по X: 0.00000168
Средняя абсолютная разность по Y: 0.00000167
Среднее евклидово расстояние: 0.00000239

Максимальная абсолютная разность по X: 0.00014201
Максимальная абсолютная разность по Y: 0.00014201
Максимальное евклидово расстояние: 0.00020084
